0.30000000000000004, -1.6557188103664233, -0.17761388682109489
0.4, -2.489052146020438, -0.17761388682109489
0.5, -3.322385488635036, -0.17761388682109489
0.6000000000000001, -4.155718816455839, -0.17761388682109489
0.7000000000000001, -4.989052158199999, -0.17761389079109488
0.8, -5.875058245485402, -0.21790617307386861
0.9, -6.860815961866423, -0.23604152172153287
1.0, -7.177569629504014, -0.17762587969974455
1.1, -7.1776122698821165, -0.17761432085817516
1.2000000000000002, -7.1776122698821165, -0.17761432085817516
